Killed
/data/ftp/internal_000/paparazzi # killall -9 ap.elf
/data/ftp/internal_000/paparazzi # ./ap.elf 
Current schedparam: policy 0, prio 0
New schedparam: policy 1, prio 29
Current schedparam: policy 0, prio 0
New schedparam: policy 1, prio 10
OUTPUT_SIZE: (160, 315) SCALED_SIZE: (1279, 2519)
[MT9F002] Warning, offset_x not a multiple of 8, changing to 2048
[MT9F002] Warning, offset_y not a multiple of 8, changing to 472
[viewvideo] Failed to create SDP file.
[v4l2-capture] Select timeout on /dev/video0










































Arc is finished !!!!!!!!!!!!!!!!!!
















































Arc is finished !!!!!!!!!!!!!!!!!!












STARTING MAT OUTPUT WITH EKF_delta:0.152150  at time:809.941345 !!!!!!!!!!!!!!!!!!!!!!!!!!!!!!!!!!!!!!!!!!!!!!!!!!!! 
U_k  [phi_s:0.027325 theta_s:-0.086840 psi_s:0.000000 p_q:-0.014648 q_s:-0.357422 ]
float x_state = {
{2.350227} ,
{0.009826} ,
{-1.422429} ,
{-0.125181} ,
{-0.101168} ,
{0.088617} ,
{-0.024290}
}
float P_k_1_k_1_d = {
{0.073288,0.000007,-0.003014,-0.029207,-0.000000,-0.000012,-0.000040} ,
{0.000007,0.073206,-0.000310,-0.002593,-0.000018,0.000000,0.000463} ,
{-0.003014,-0.000310,0.295785,1.033033,0.000009,-0.000116,0.000034} ,
{-0.029207,-0.002593,1.033033,14.596663,-0.000141,0.001210,0.000585} ,
{-0.000000,-0.000018,0.000009,-0.000141,-0.000000,-0.000224,-0.000557} ,
{-0.000012,0.000000,-0.000116,0.001210,-0.000224,-0.000001,0.005786} ,
{-0.000040,0.000463,0.000034,0.000585,-0.000557,0.005786,-0.000077}
}
float DFx = {
{0.000000,0.000000,0.000000,-0.086699,1.992464,-0.005511,0.000000} ,
{0.000000,0.000000,0.000000,-0.027322,0.000000,2.324713,0.000000} ,
{0.000000,0.000000,0.000000,0.995860,0.173462,0.063299,0.000000} ,
{0.000000,0.000000,0.000000,0.000000,-0.714844,0.034066,-1.000000} ,
{0.000000,0.000000,0.000000,0.000000,0.000000,0.000000,0.000000} ,
{0.000000,0.000000,0.000000,0.000000,0.000000,0.000000,0.000000} ,
{0.000000,0.000000,0.000000,0.000000,0.000000,0.000000,0.000000}
}
float Phi_d = {
{1.000000,0.000000,0.000000,-0.013191,0.307868,-0.001063,0.006596} ,
{0.000000,1.000000,0.000000,-0.004157,0.001486,0.353634,0.002078} ,
{0.000000,0.000000,1.000000,0.151520,-0.027764,0.012212,-0.075760} ,
{0.000000,0.000000,0.000000,1.000000,-0.108763,0.005183,-0.152150} ,
{0.000000,0.000000,0.000000,0.000000,1.000000,0.000000,0.000000} ,
{0.000000,0.000000,0.000000,0.000000,0.000000,1.000000,0.000000} ,
{0.000000,0.000000,0.000000,0.000000,0.000000,0.000000,1.000000}
}
float P_k_1_d = {
{0.276597,0.000939,-0.050227,-0.221761,-0.000002,-0.000059,-0.000226} ,
{0.000939,0.273486,-0.014354,-0.063213,-0.000098,0.000006,0.002506} ,
{-0.050227,-0.014354,1.043921,3.244658,0.000027,-0.000365,0.000215} ,
{-0.221761,-0.063213,3.244658,18.796499,-0.000057,0.000354,0.000687} ,
{-0.000002,-0.000098,0.000027,-0.000057,-0.000000,-0.000224,-0.000557} ,
{-0.000059,0.000006,-0.000365,0.000354,-0.000224,-0.000001,0.005786} ,
{-0.000226,0.002506,0.000215,0.000687,-0.000557,0.005786,-0.000077}
}
float K_d = {
{0.733307,0.000337,-0.008673} ,
{0.000337,0.732156,-0.002479} ,
{-0.043365,-0.012396,0.674623} ,
{-0.309798,-0.088123,2.090672} ,
{-0.000002,-0.000261,0.000015} ,
{-0.000189,0.000009,-0.000243} ,
{-0.000592,0.006718,0.000182}
}
z_k_d[0]:2.080861 z_k_d[1]:0.034914 z_k_d[2]:-1.410156 
float x_opt = {
{2.152601} ,
{0.028073} ,
{-1.402779} ,
{-0.018285} ,
{-0.101174} ,
{0.088665} ,
{-0.023959}
}
float P_k_1_k_1_d = {
{0.073331,0.000034,-0.004337,-0.030980,-0.000000,-0.000019,-0.000059} ,
{0.000034,0.073216,-0.001240,-0.008812,-0.000026,0.000001,0.000672} ,
{-0.004337,-0.001240,0.337312,1.045336,0.000007,-0.000121,0.000091} ,
{-0.030980,-0.008812,1.045336,11.938713,-0.000123,0.001100,0.000389} ,
{-0.000000,-0.000026,0.000007,-0.000123,-0.000000,-0.000224,-0.000556} ,
{-0.000019,0.000001,-0.000121,0.001100,-0.000224,-0.000001,0.005786} ,
{-0.000059,0.000672,0.000091,0.000389,-0.000556,0.005786,-0.000094}
}
STOPPING MAT OUTPUT  !!!!!!!!!!!!!!!!!!!!!!!!!!!!!!!!!!!!!!!!!!!!!!!!!!!! 






Arc is finished !!!!!!!!!!!!!!!!!!












STARTING MAT OUTPUT WITH EKF_delta:0.466360  at time:813.212545 !!!!!!!!!!!!!!!!!!!!!!!!!!!!!!!!!!!!!!!!!!!!!!!!!!!! 
U_k  [phi_s:-0.073830 theta_s:-0.085186 psi_s:0.000000 p_q:-0.472168 q_s:-0.006592 ]
float x_state = {
{1.723635} ,
{-0.224431} ,
{-1.312500} ,
{-0.054846} ,
{-0.101148} ,
{0.088717} ,
{-0.024366}
}
float P_k_1_k_1_d = {
{0.073336,0.000095,-0.001288,-0.016378,-0.000001,-0.000009,-0.000021} ,
{0.000095,0.073539,-0.003186,-0.041173,-0.000018,0.000010,0.000441} ,
{-0.001288,-0.003186,0.244116,0.543605,0.000027,-0.000141,-0.000366} ,
{-0.016378,-0.041173,0.543605,11.296907,-0.000034,0.000584,-0.000617} ,
{-0.000001,-0.000018,0.000027,-0.000034,-0.000000,-0.000224,-0.000556} ,
{-0.000009,0.000010,-0.000141,0.000584,-0.000224,-0.000000,0.005785} ,
{-0.000021,0.000441,-0.000366,-0.000617,-0.000556,0.005785,-0.000011}
}
float DFx = {
{0.000000,0.000000,0.000000,-0.084851,1.992748,0.014595,0.000000} ,
{0.000000,0.000000,0.000000,0.073763,0.000000,2.319246,0.000000} ,
{0.000000,0.000000,0.000000,0.993659,0.170166,-0.170921,0.000000} ,
{0.000000,0.000000,0.000000,0.000000,-0.013184,1.098065,-1.000000} ,
{0.000000,0.000000,0.000000,0.000000,0.000000,0.000000,0.000000} ,
{0.000000,0.000000,0.000000,0.000000,0.000000,0.000000,0.000000} ,
{0.000000,0.000000,0.000000,0.000000,0.000000,0.000000,0.000000}
}
float Phi_d = {
{1.000000,0.000000,0.000000,-0.039571,0.929599,-0.014919,0.019786} ,
{0.000000,1.000000,0.000000,0.034400,-0.000227,1.100491,-0.017200} ,
{0.000000,0.000000,1.000000,0.463403,0.076304,0.174713,-0.231702} ,
{0.000000,0.000000,0.000000,1.000000,-0.006148,0.512094,-0.466360} ,
{0.000000,0.000000,0.000000,0.000000,1.000000,0.000000,0.000000} ,
{0.000000,0.000000,0.000000,0.000000,0.000000,1.000000,0.000000} ,
{0.000000,0.000000,0.000000,0.000000,0.000000,0.000000,1.000000}
}
float P_k_1_d = {
{0.292307,-0.014356,-0.237433,-0.463248,-0.000007,-0.000126,-0.000600} ,
{-0.014356,0.283909,0.175070,0.344899,-0.000256,-0.000069,0.006787} ,
{-0.237433,0.175070,3.273750,5.778090,0.000100,-0.001228,0.000320} ,
{-0.463248,0.344899,5.778090,15.495314,0.000110,-0.002113,0.002355} ,
{-0.000007,-0.000256,0.000100,0.000110,-0.000000,-0.000224,-0.000556} ,
{-0.000126,-0.000069,-0.001228,-0.002113,-0.000224,-0.000000,0.005785} ,
{-0.000600,0.006787,0.000320,0.002355,-0.000556,0.005785,-0.000011}
}
float K_d = {
{0.734986,-0.002356,-0.016565} ,
{-0.002356,0.733871,0.012198} ,
{-0.082823,0.060989,0.859465} ,
{-0.262430,0.202156,1.505237} ,
{-0.000008,-0.000693,0.000058} ,
{-0.000538,-0.000037,-0.000358} ,
{-0.001377,0.018008,-0.000837}
}
z_k_d[0]:1.756413 z_k_d[1]:-0.428523 z_k_d[2]:-1.312500 
float x_opt = {
{1.748207} ,
{-0.374286} ,
{-1.327662} ,
{-0.104707} ,
{-0.101007} ,
{0.088707} ,
{-0.028086}
}
float P_k_1_k_1_d = {
{0.073499,-0.000236,-0.008282,-0.026243,-0.000001,-0.000054,-0.000138} ,
{-0.000236,0.073387,0.006099,0.020216,-0.000069,-0.000004,0.001801} ,
{-0.008282,0.006099,0.429733,0.752619,0.000029,-0.000179,-0.000419} ,
{-0.026243,0.020216,0.752619,6.606626,0.000009,-0.000283,0.000344} ,
{-0.000001,-0.000069,0.000029,0.000009,-0.000000,-0.000224,-0.000551} ,
{-0.000054,-0.000004,-0.000179,-0.000283,-0.000224,-0.000001,0.005785} ,
{-0.000138,0.001801,-0.000419,0.000344,-0.000551,0.005785,-0.000134}
}
STOPPING MAT OUTPUT  !!!!!!!!!!!!!!!!!!!!!!!!!!!!!!!!!!!!!!!!!!!!!!!!!!!! 



